rmse_vx1:        0.0045055491666247316       
rmse_vx2:        0.00685727503465904
rmse_beta1:      0.0034870761616837918
rmse_beta2:      0.003698893237891664
